secs_elapsed,interval_qps
1,1252
2,1550
3,1833
4,2132
5,2485
6,2746
7,2849
8,3307
9,3493
10,3997
11,4209
12,4548
13,4689
14,4665
15,5020
16,5107
17,5364
18,5399
19,5425
20,5395
21,6000
22,6400
23,6571
24,6657
25,7048
26,6927
27,7317
28,7208
29,6925
30,7951
31,6858
32,6656
33,8024
34,8736
35,8698
36,9045
37,8675
38,8790
39,9020
40,9414
41,9531
42,9749
43,10237
44,10488
45,10096
46,10148
47,10435
48,10542
49,10721
50,11295
51,10928
52,11652
53,11679
54,11029
55,12260
56,11623
57,11494
58,12010
59,12553
60,12092
61,13127
62,12687
63,13167
64,13433
65,13992
66,14092
67,14440
68,13886
69,14107
70,14237
71,14447
72,14511
73,15282
74,15535
75,15873
76,15223
77,15750
78,15476
79,16274
80,16581
81,16555
82,16357
83,16550
84,16411
85,17225
86,16918
87,16878
88,17346
89,17116
90,17278
91,17494
92,17566
93,17538
94,17849
95,17833
96,17897
97,18141
98,18203
99,18294
100,18174
101,18441
102,18390
103,18457
104,18667
105,18831
106,18918
107,18979
108,18875
109,19016
110,19074
111,19055
112,19138
113,19170
114,18755
115,19231
116,19391
117,19361
118,19379
119,19449
120,19460
121,19458
122,19454
123,19569
124,19563
125,19521
126,19600
127,19613
128,19669
129,19715
130,19689
131,19653
132,19663
133,19655
134,19699
135,19633
136,19719
137,19690
138,19787
139,19777
140,19779
141,19718
142,19731
143,19821
144,19816
145,19795
146,19762
147,19866
148,19687
149,19860
150,19927
151,19947
152,19912
153,19896
154,19966
155,19768
156,19852
157,19848
158,19892
159,19945
160,19850
161,19939
162,19929
163,19793
164,19842
165,19902
166,19875
167,19767
168,19910
169,19874
170,19925
171,20012
172,19883
173,19810
174,19951
175,19915
176,19975
177,19948
178,19889
179,19932
180,19910
181,19865
182,19906
183,20013
184,19791
185,19858
186,19924
187,19876
188,20018
189,19921
190,19917
191,20011
192,19946
193,20013
194,19986
195,19954
196,20082
197,20123
198,20126
199,20025
200,19585
201,20053
202,20033
203,20124
204,20113
205,20139
206,20111
207,20172
208,20119
209,20119
210,20204
211,20011
212,20048
213,20127
214,20150
215,20176
216,19845
217,19843
218,20083
219,20133
220,20095
221,20113
222,20120
223,20094
224,22459
225,22544
226,22562
227,22524
228,22373
229,22472
230,22606
231,22581
232,22538
233,22557
234,22546
235,22600
236,22585
237,22589
238,22593
239,22557
240,22477
241,22620
242,22583
243,22545
244,22543
245,22557
246,22607
247,22504
248,22501
249,22510
250,22617
251,22615
252,22561
253,22603
254,22609
255,22602
256,22597
257,22616
258,24906
259,26039
260,26105
261,26068
262,26108
263,25930
264,26035
265,26082
266,26055
267,25983
268,26088
269,26060
270,26079
271,26045
272,31222
273,31943
274,38802
275,44774
276,57689
277,110076
